ukb-d-30000_irnt	0	340	350,470	2018
ebi-a-GCST004610	30	181	172,435	2016
GCST004610	3	180	172,435	2016
ieu-b-30	10		563,946	2020
GCST90002407	1		408,112	2020
ebi-a-GCST004606	30	179	172,275	2016
GCST004606	3	209	172,275	2016
ieu-b-33	10		563,946	2020
GCST90002381	1		408,112	2020
GCST90002298	2	376	474,237	2020
ebi-a-GCST004618	30	81	171,846	2016
GCST004618	3	80	171,846	2016
ieu-b-29	10		563,946	2020
GCST90002379	1		408,112	2020
GCST90002292	2	170	474,001	2020
ukb-d-30140_irnt	0	296	349,856	2018
ebi-a-GCST004629	30	154	170,702	2016
GCST004629	3	152	170,702	2016
ieu-b-34	10		563,946	2020
GCST90002398	1		408,112	2020
GCST90002351	2	397	519,288	2020
ukb-d-30130_irnt	0	348	349,856	2018
ebi-a-GCST004625	30	201	170,721	2016
GCST004625	3	248	170,721	2016
ieu-b-31	10		563,946	2020
GCST90002393	1		408,112	2020
GCST90002340	2	455	521,594	2020
ukb-d-30120_irnt	0	343	349,856	2018
ebi-a-GCST004627	30	171	171,643	2016
GCST004627	3	188	171,643	2016
ieu-b-32	10		563,946	2020
GCST90002388	1		408,112	2020
GCST90002316	2	465	524,923	2020
ebi-a-GCST004626	30	157	169,219	2016
GCST004626	3	164	169,219	2016
GCST90002374	2	478	562,243	2020
ebi-a-GCST004614	30	155	169,822	2016
GCST004614	3	155	169,822	2016
ebi-a-GCST004613	30	151	170,384	2016
GCST004613	3	154	170,384	2016
ebi-a-GCST004620	30	153	170,143	2016
GCST004620	3	153	170,143	2016
GCST004624	3	206	171,771	2016
ukb-d-30210_irnt	0	333	349,861	2018
ebi-a-GCST004600	30	171	172,378	2016
GCST004600	3	198	172,378	2016
GCST90002382	1		408,112	2020
ukb-d-30220_irnt	0	109	349,861	2018
ebi-a-GCST004631	30	65	171,996	2016
GCST004631	3	65	171,996	2016
GCST90002380	1		408,112	2020
ukb-d-30200_irnt	0	288	349,861	2018
ebi-a-GCST004633	30	139	171,542	2016
GCST004633	3	135	171,542	2016
GCST90002399	1		408,112	2020
ukb-d-30190_irnt	0	324	349,861	2018
ebi-a-GCST004609	30	198	170,494	2016
GCST004609	3	236	170,494	2016
GCST90002394	1		408,112	2020
ukb-d-30180_irnt	0	297	349,861	2018
ebi-a-GCST004632	30	140	171,748	2016
GCST004632	3	147	171,748	2016
GCST90002389	1		408,112	2020
ebi-a-GCST004608	30	177	169,545	2016
GCST004608	3	220	169,545	2016
ebi-a-GCST004617	30	159	170,536	2016
GCST004617	3	184	170,536	2016
ebi-a-GCST004634	30	60	170,223	2016
GCST004634	3	62	170,223	2016
ebi-a-GCST004623	30	147	170,672	2016
GCST004623	3	171	170,672	2016
